2.000000000000000000e+01
2.100000000000000000e+01
2.205000000000000071e+01
2.315250000000000341e+01
2.431012500000000287e+01
2.552563125000000355e+01
2.680191281250000657e+01
2.814200845312500832e+01
2.954910887578126122e+01
3.102656431957032623e+01
3.257789253554884112e+01
3.420678716232628602e+01
3.591712652044260068e+01
3.771298284646473320e+01
3.959863198878797164e+01
4.157856358822737519e+01
4.365749176763874573e+01
4.584036635602068799e+01
4.813238467382172558e+01
5.053900390751281435e+01
5.306595410288845471e+01
5.571925180803287958e+01
5.850521439843452498e+01
6.143047511835625585e+01
6.450199887427406509e+01
6.772709881798776621e+01
7.111345375888716092e+01
7.466912644683152678e+01
7.840258276917310809e+01
8.232271190763177060e+01
8.643884750301336339e+01
9.076078987816403298e+01
9.529882937207223392e+01
1.000637708406758435e+02
1.050669593827096406e+02
1.103203073518451305e+02
1.158363227194373906e+02
1.216281388554092615e+02
1.277095457981797324e+02
1.340950230880887375e+02
1.407997742424931857e+02
1.478397629546178393e+02
1.552317511023487384e+02
1.629933386574661824e+02
1.711430055903394987e+02
1.797001558698564736e+02
1.886851636633493001e+02
1.981194218465167864e+02
2.080253929388426286e+02
2.184266625857847828e+02
2.293479957150740347e+02
2.408153955008277478e+02
2.528561652758691594e+02
2.654989735396626429e+02
2.787739222166458148e+02
2.927126183274781397e+02
3.073482492438520808e+02
3.227156617060446706e+02
3.388514447913469212e+02
3.557940170309142900e+02
3.735837178824600073e+02
3.922629037765830162e+02
4.118760489654121670e+02
4.324698514136828180e+02
4.540933439843669817e+02
4.767980111835853450e+02
5.006379117427646293e+02
5.256698073299029375e+02
5.519532976963980673e+02
5.795509625812179593e+02
6.085285107102788515e+02
6.389549362457928510e+02
6.709026830580825163e+02
7.044478172109867273e+02
7.396702080715360808e+02
7.766537184751128962e+02
8.154864043988685580e+02
8.562607246188119916e+02
8.990737608497526026e+02
9.440274488922402725e+02
9.912288213368523202e+02
