2.000000000000000000e+01
2.200000000000000000e+01
2.400000000000000000e+01
2.600000000000000000e+01
2.800000000000000000e+01
3.000000000000000000e+01
3.300000000000000000e+01
3.600000000000000000e+01
3.900000000000000000e+01
4.200000000000000000e+01
4.600000000000000000e+01
5.000000000000000000e+01
5.500000000000000000e+01
6.000000000000000000e+01
6.600000000000000000e+01
7.200000000000000000e+01
7.900000000000000000e+01
8.600000000000000000e+01
9.400000000000000000e+01
1.030000000000000000e+02
1.130000000000000000e+02
1.240000000000000000e+02
1.360000000000000000e+02
1.490000000000000000e+02
1.630000000000000000e+02
1.790000000000000000e+02
1.960000000000000000e+02
2.150000000000000000e+02
2.360000000000000000e+02
2.590000000000000000e+02
2.840000000000000000e+02
3.120000000000000000e+02
3.430000000000000000e+02
3.770000000000000000e+02
4.140000000000000000e+02
4.550000000000000000e+02
5.000000000000000000e+02
5.500000000000000000e+02
6.050000000000000000e+02
6.650000000000000000e+02
7.310000000000000000e+02
8.040000000000000000e+02
8.840000000000000000e+02
9.720000000000000000e+02
